start=1400.933333
pause=yes
volume=92.000000
